<?xml version="1.0" encoding="UTF-8" standalone="no" ?>
<COLLADA xmlns="http://www.collada.org/2005/11/COLLADASchema" version="1.4.1">
    <asset>
        <contributor>
            <authoring_tool>SketchUp 8.0.4810</authoring_tool>
        </contributor>
        <created>2017-12-23T16:48:29Z</created>
        <modified>2017-12-23T16:48:29Z</modified>
        <unit meter="0.0254" name="inch" />
        <up_axis>Z_UP</up_axis>
    </asset>
    <library_cameras>
        <camera id="ID1" name="skp_camera_Last_Saved_SketchUp_View">
            <optics>
                <technique_common>
                    <perspective>
                        <yfov>35</yfov>
                        <aspect_ratio>0</aspect_ratio>
                        <znear>1</znear>
                        <zfar>1000</zfar>
                    </perspective>
                </technique_common>
            </optics>
        </camera>
    </library_cameras>
    <library_visual_scenes>
        <visual_scene id="ID2">
            <node name="SketchUp">
                <node name="skp_camera_Last_Saved_SketchUp_View">
                    <matrix>1 -0 0 2.444781e-07 -0 0 -1 -70.52353 -0 1 0 17.92142 0 0 0 1</matrix>
                    <instance_camera url="#ID1" />
                </node>
                <node id="ID3" name="instance_0">
                    <matrix>1 0 0 0 0 1 0 0 0 0 1 0 0 0 0 1</matrix>
                    <instance_node url="#ID4" />
                </node>
            </node>
        </visual_scene>
    </library_visual_scenes>
    <library_nodes>
        <node id="ID4" name="five_intersecting_tetrahedra">
            <node id="ID5" name="instance_1">
                <matrix>0.5720615 -0.7385281 -0.356822 -2.2898e-06 0.7873749 0.3726103 0.4911235 -21.65403 -0.229753 -0.5619056 0.7946545 21.65404 0 0 0 1</matrix>
                <instance_node url="#ID6" />
            </node>
            <node id="ID22" name="instance_8">
                <matrix>-0.5720613 -0.5825912 -0.5773503 20.59421 0.787375 -0.587239 -0.1875924 -6.691467 -0.229753 -0.5619056 0.7946545 21.65404 0 0 0 1</matrix>
                <instance_node url="#ID6" />
            </node>
            <node id="ID23" name="instance_9">
                <matrix>0.9256148 0.1261557 0.3568222 -20.59421 -0.3007506 0.8175248 0.4911235 -6.691463 -0.229753 -0.5619056 0.7946545 21.65403 0 0 0 1</matrix>
                <instance_node url="#ID6" />
            </node>
            <node id="ID24" name="instance_10">
                <matrix>-8.71998e-08 0.8164966 0.5773503 -12.72792 -0.973249 0.1326479 -0.1875925 17.51848 -0.229753 -0.5619056 0.7946545 21.65404 0 0 0 1</matrix>
                <instance_node url="#ID6" />
            </node>
            <node id="ID25" name="instance_11">
                <matrix>-0.9256148 0.3784669 -6.995921e-08 12.72792 -0.3007504 -0.735544 -0.607062 17.51848 -0.229753 -0.5619056 0.7946545 21.65404 0 0 0 1</matrix>
                <instance_node url="#ID6" />
            </node>
        </node>
        <node id="ID6" name="five_intersecting_tetrahedra__single_tetrahedron">
            <node id="ID7" name="instance_2">
                <matrix>-0.5 0.2886751 0.8164966 18 -0.2886751 0.8333333 -0.4714045 10.3923 -0.8164966 -0.4714045 -0.3333333 29.39388 0 0 0 1</matrix>
                <instance_node url="#ID8" />
            </node>
            <node id="ID17" name="instance_3">
                <matrix>-0.5 0.8660254 -8.881784e-16 18 -0.8660254 -0.5 -5.551115e-16 31.17691 -9.248299e-16 4.916293e-16 1 1.311588e-08 0 0 0 1</matrix>
                <instance_node url="#ID8" />
            </node>
            <node id="ID18" name="instance_4">
                <matrix>1 0 0 0 0 1 0 0 0 0 1 0 0 0 0 1</matrix>
                <instance_node url="#ID8" />
            </node>
            <node id="ID19" name="instance_5">
                <matrix>0.5 -0.8660254 -9.51756e-09 18 -0.2886751 -0.1666667 0.942809 10.3923 -0.8164966 -0.4714045 -0.3333333 29.39388 0 0 0 1</matrix>
                <instance_node url="#ID8" />
            </node>
            <node id="ID20" name="instance_6">
                <matrix>-0.5 -0.8660254 -1.94289e-16 36 0.8660254 -0.5 3.330669e-16 0 -3.855889e-16 -1.725781e-18 1 1.311584e-08 0 0 0 1</matrix>
                <instance_node url="#ID8" />
            </node>
            <node id="ID21" name="instance_7">
                <matrix>-7.634365e-11 -0.5773503 0.8164966 18 -0.5773503 -0.6666667 -0.4714045 31.17691 0.8164966 -0.4714045 -0.3333333 1.311582e-08 0 0 0 1</matrix>
                <instance_node url="#ID8" />
            </node>
        </node>
        <node id="ID8" name="five_intersecting_tetrahedra__single_edge">
            <instance_geometry url="#ID9">
                <bind_material>
                    <technique_common>
                        <instance_material symbol="Material2" target="#ID11">
                            <bind_vertex_input semantic="UVSET0" input_semantic="TEXCOORD" input_set="0" />
                        </instance_material>
                    </technique_common>
                </bind_material>
            </instance_geometry>
        </node>
    </library_nodes>
    <library_geometries>
        <geometry id="ID9">
            <mesh>
                <source id="ID12">
                    <float_array id="ID15" count="78">5.15654 0.9923771 2.806865 36 1.421085e-14 0 0 0 0 30.84346 0.9923771 2.806865 5.15654 0.9923771 2.806865 3.437694 1.984754 1.403433 0 0 0 5.156542 2.977131 -3.533061e-07 32.56231 1.984754 1.403432 30.84346 2.977131 -7.066122e-07 3.437694 1.984754 1.403433 30.84346 0.9923771 2.806865 5.15654 0.9923771 2.806865 36 1.421085e-14 0 32.56231 1.984754 1.403432 30.84346 0.9923771 2.806865 5.156542 2.977131 -3.533061e-07 36 1.421085e-14 0 0 0 0 30.84346 2.977131 -7.066122e-07 3.437694 1.984754 1.403433 5.156542 2.977131 -3.533061e-07 0 0 0 32.56231 1.984754 1.403432 36 1.421085e-14 0 30.84346 2.977131 -7.066122e-07</float_array>
                    <technique_common>
                        <accessor count="26" source="#ID15" stride="3">
                            <param name="X" type="float" />
                            <param name="Y" type="float" />
                            <param name="Z" type="float" />
                        </accessor>
                    </technique_common>
                </source>
                <source id="ID13">
                    <float_array id="ID16" count="78">-2.712077e-16 0.942809 -0.3333335 -2.712077e-16 0.942809 -0.3333335 -2.712077e-16 0.942809 -0.3333335 -2.712077e-16 0.942809 -0.3333335 -0.5 0.2886752 0.8164966 -0.5 0.2886752 0.8164966 -0.5 0.2886752 0.8164966 6.376365e-09 0.8164966 0.5773503 6.376365e-09 0.8164966 0.5773503 6.376365e-09 0.8164966 0.5773503 6.376365e-09 0.8164966 0.5773503 6.376365e-09 0.8164966 0.5773503 6.376365e-09 0.8164966 0.5773503 0.5 0.2886753 0.8164965 0.5 0.2886753 0.8164965 0.5 0.2886753 0.8164965 -4.640179e-09 -1.7801e-07 -1 -4.640179e-09 -1.7801e-07 -1 -4.640179e-09 -1.7801e-07 -1 -4.640179e-09 -1.7801e-07 -1 -0.5 0.8660254 6.865092e-08 -0.5 0.8660254 6.865092e-08 -0.5 0.8660254 6.865092e-08 0.5 0.8660254 -1.379672e-07 0.5 0.8660254 -1.379672e-07 0.5 0.8660254 -1.379672e-07</float_array>
                    <technique_common>
                        <accessor count="26" source="#ID16" stride="3">
                            <param name="X" type="float" />
                            <param name="Y" type="float" />
                            <param name="Z" type="float" />
                        </accessor>
                    </technique_common>
                </source>
                <vertices id="ID14">
                    <input semantic="POSITION" source="#ID12" />
                    <input semantic="NORMAL" source="#ID13" />
                </vertices>
                <triangles count="14" material="Material2">
                    <input offset="0" semantic="VERTEX" source="#ID14" />
                    <p>0 1 2 1 0 3 0 1 2 1 0 3 4 5 6 7 8 9 8 7 10 8 10 11 11 10 12 13 14 15 16 17 18 17 16 19 20 21 22 23 24 25</p>
                </triangles>
            </mesh>
        </geometry>
    </library_geometries>
    <library_materials>
        <material id="ID11" name="material">
            <instance_effect url="#ID10" />
        </material>
    </library_materials>
    <library_effects>
        <effect id="ID10">
            <profile_COMMON>
                <technique sid="COMMON">
                    <lambert>
                        <diffuse>
                            <color>1 1 1 1</color>
                        </diffuse>
                    </lambert>
                </technique>
            </profile_COMMON>
        </effect>
    </library_effects>
    <scene>
        <instance_visual_scene url="#ID2" />
    </scene>
</COLLADA>
